4
SEB;1633298400000;1633298400000;1;0;25
WEB;1633298400000;0;0
WEB;1633903200000;1;0
WEB;1634508000000;2;0
WEB;1635112800000;3;0
WEB;1635721200000;4;0
WEB;1636326000000;5;0
WEB;1636930800000;6;0
WEB;1637535600000;7;0
WEB;1638140400000;8;0
WEB;1638745200000;9;0
WEB;1639350000000;10;0
WEB;1639954800000;11;0
WEB;1640559600000;12;0
WEB;1641164400000;13;0
WEB;1641769200000;14;0
WEB;1642374000000;15;0
WEB;1642978800000;16;0
WEB;1643583600000;17;0
WEB;1644188400000;18;0
WEB;1644793200000;19;0
WEB;1645398000000;20;0
WEB;1646002800000;21;0
WEB;1646607600000;22;0
WEB;1647212400000;23;0
WEB;1647817200000;24;0
SEB;1650492000000;1650492000000;2;0;18
WEB;1650232800000;0;0
WEB;1650837600000;1;0
WEB;1651442400000;2;0
WEB;1652047200000;3;0
WEB;1652652000000;4;0
WEB;1653256800000;5;0
WEB;1653861600000;6;0
WEB;1654466400000;7;0
WEB;1655071200000;8;0
WEB;1655676000000;9;0
WEB;1656280800000;10;0
WEB;1656885600000;11;0
WEB;1657490400000;12;0
WEB;1658095200000;13;0
WEB;1658700000000;14;0
WEB;1659304800000;15;0
WEB;1659909600000;16;0
WEB;1660514400000;17;0
SEB;1666130400000;1666130400000;3;4;20
SUB;0.0;450;0;Elektrotechnik;3
SUB;0.0;180;0;Englisch;3
SUB;0.0;300;0;Digital Rechner;3
SUB;0.0;0;0;Lern Manager Programmieren;3
WEB;1665957600000;0;0
WEB;1666562400000;1;0
WEB;1667170800000;2;0
WEB;1667775600000;3;0
WEB;1668380400000;4;0
WEB;1668985200000;5;0
WEB;1669590000000;6;0
WEB;1670194800000;7;0
WEB;1670799600000;8;0
WEB;1671404400000;9;1
LP;1671793634819;1671797239968;3605;Elektrotechnik;0
WEB;1672009200000;10;4
LP;1672247483209;1672248452027;968;Elektrotechnik;0
LP;1672257875711;1672260256909;2381;Elektrotechnik;0
LP;1672311843830;1672315799594;3955;Elektrotechnik;0
LP;1672351705537;1672678999475;327293;Lern Manager Programmieren;203
WEB;1672614000000;11;4
LP;1672679015235;1672681288476;2273;Elektrotechnik;552
LP;1672681783264;1672690389630;8606;Elektrotechnik;7333
LP;1672736037408;1672747188829;11151;Englisch;7294
LP;1672755309918;1672758660812;3350;Englisch;1537
WEB;1673218800000;12;0
WEB;1673823600000;13;0
WEB;1674428400000;14;0
WEB;1675033200000;15;0
WEB;1675638000000;16;0
WEB;1676242800000;17;0
WEB;1676847600000;18;0
WEB;1677452400000;19;0
SEB;1681941600000;1681941600000;4;3;18
SUB;0.0;0;0;Praktische Informatik 2;4
SUB;0.0;0;0;Algorithmen und Datenstrukturen;4
SUB;0.0;0;0;Grundlagen der Systemprogrammierung;4
WEB;1681682400000;0;0
WEB;1682287200000;1;0
WEB;1682892000000;2;0
WEB;1683496800000;3;0
WEB;1684101600000;4;0
WEB;1684706400000;5;0
WEB;1685311200000;6;0
WEB;1685916000000;7;0
WEB;1686520800000;8;0
WEB;1687125600000;9;0
WEB;1687730400000;10;0
WEB;1688335200000;11;0
WEB;1688940000000;12;0
WEB;1689544800000;13;0
WEB;1690149600000;14;0
WEB;1690754400000;15;0
WEB;1691359200000;16;0
WEB;1691964000000;17;0
